0 8.51366612749 0.0143345316538 0.241270268908 0.0122590116131
1 4.37124043524 0.00914679909752 0.226757481392 0.00769123636321
2 9.2006075746 0.00977275616219 0.292271289524 0.00859783315614
3 4.92302597441 0.0101776241991 0.277089503281 0.00600183852478
4 5.12001974175 0.0111511015295 0.274801660737 0.0060761766345
5 4.72615448454 0.00910723130319 0.252889208051 0.0101016810726
6 9.84588811897 0.00973281254797 0.278751327372 0.00592566132195
7 6.89615923949 0.010194874956 0.276650289338 0.00647903268196
8 7.9383750581 0.0119136385568 0.221519900246 0.00970837860284
9 9.42746688366 0.00817645572943 0.213133123886 0.00792395073579
10 7.85921984658 0.0099174621153 0.273017213842 0.0113780968086
11 6.91540737284 0.0120467196532 0.254368553321 0.0102203769597
12 7.04157768625 0.00630643614294 0.190176292193 0.00542262062351
13 6.22150630957 0.00809596758496 0.21612285256 0.00788063066326
14 10.3517430046 0.0120479588733 0.274745109802 0.008854753729
15 6.4189732797 0.00891902247392 0.24309896989 0.00937780741994
16 8.32672204317 0.0104991227977 0.287614565675 0.00599425187317
17 9.05021619386 0.00968996268033 0.275097894026 0.00621106899182
18 8.03886798885 0.00945491831455 0.259919899761 0.00551241263135
